3795
1 2.10461e+03 1.96835e+03
2 1.40110e+03 1.96835e+03
3 2.95591e+02 1.96835e+03
4 1.23557e+03 1.95654e+03
5 1.34790e+03 1.96244e+03
6 1.40110e+03 1.94473e+03
7 1.21193e+03 1.94473e+03
8 1.21193e+03 1.93292e+03
9 1.35381e+03 1.93292e+03
10 1.30060e+03 1.92701e+03
11 1.17645e+03 1.92111e+03
12 1.21193e+03 1.92111e+03
13 1.37746e+03 1.92111e+03
14 1.33016e+03 1.90930e+03
15 1.30651e+03 1.90930e+03
16 1.23557e+03 1.90930e+03
17 1.15281e+03 1.90930e+03
18 1.15281e+03 1.89748e+03
19 1.23557e+03 1.89748e+03
20 1.30651e+03 1.89748e+03
21 1.37746e+03 1.88568e+03
22 1.30651e+03 1.88568e+03
23 1.12916e+03 1.88568e+03
24 1.12916e+03 1.87386e+03
25 1.37746e+03 1.87386e+03
26 1.66714e+03 1.74986e+03
27 6.73948e+02 1.74986e+03
28 7.38978e+02 1.74395e+03
29 1.73217e+03 1.74395e+03
30 1.85040e+03 1.72033e+03
31 8.57215e+02 1.72033e+03
32 3.66533e+02 1.49004e+03
33 7.74450e+02 1.51956e+03
34 1.24740e+03 1.51956e+03
35 1.76764e+03 1.51956e+03
36 2.06914e+03 1.47823e+03
37 1.37154e+03 1.41918e+03
38 1.11733e+03 1.24793e+03
39 1.23557e+03 1.24793e+03
40 1.23557e+03 1.27155e+03
41 1.77946e+03 1.38965e+03
42 1.79128e+03 1.41327e+03
43 1.85040e+03 1.41327e+03
44 1.37746e+03 1.22431e+03
45 1.23557e+03 1.22431e+03
46 3.31062e+02 1.14755e+03
47 1.75581e+03 1.15345e+03
48 1.74399e+03 1.14164e+03
49 1.22966e+03 1.00583e+03
50 1.21784e+03 9.94014e+02
51 1.14098e+03 7.99148e+02
52 1.20010e+03 7.99148e+02
53 1.22375e+03 7.99148e+02
54 1.24740e+03 7.99148e+02
55 1.34198e+03 7.99148e+02
56 1.37746e+03 7.99148e+02
57 1.17054e+03 7.93243e+02
58 1.20010e+03 7.87338e+02
59 1.22375e+03 7.87338e+02
60 1.33016e+03 7.87338e+02
61 1.34790e+03 7.81433e+02
62 1.18237e+03 7.81433e+02
63 1.17645e+03 7.75528e+02
64 1.22375e+03 7.75528e+02
65 1.33016e+03 7.75528e+02
66 1.32425e+03 7.69623e+02
67 1.27695e+03 7.69623e+02
68 1.19419e+03 7.69623e+02
69 1.14098e+03 7.63718e+02
70 1.20010e+03 7.63718e+02
71 1.29469e+03 7.63718e+02
72 1.34198e+03 7.63718e+02
73 1.24740e+03 7.51908e+02
74 1.22375e+03 5.39326e+02
75 1.36563e+03 5.98377e+02
76 2.10461e+03 2.32264e+02
77 2.95591e+02 2.32264e+02
78 1.20897e+03 1.95949e+03
79 1.22079e+03 1.95949e+03
80 1.23262e+03 1.95949e+03
81 1.24444e+03 1.95949e+03
82 1.25626e+03 1.95949e+03
83 1.29173e+03 1.95949e+03
84 1.30356e+03 1.95949e+03
85 1.37450e+03 1.97130e+03
86 1.38632e+03 1.97130e+03
87 1.39815e+03 1.97130e+03
88 1.30947e+03 1.95358e+03
89 1.29765e+03 1.95358e+03
90 1.17941e+03 1.94177e+03
91 1.19123e+03 1.94177e+03
92 1.20306e+03 1.94177e+03
93 1.34494e+03 1.94177e+03
94 1.35677e+03 1.94177e+03
95 1.36859e+03 1.94177e+03
96 1.38041e+03 1.94177e+03
97 1.39224e+03 1.94177e+03
98 1.26809e+03 1.93587e+03
99 1.25626e+03 1.93587e+03
100 1.24444e+03 1.93587e+03
101 1.23262e+03 1.93587e+03
102 1.22079e+03 1.93587e+03
103 1.16167e+03 1.93587e+03
104 1.14985e+03 1.93587e+03
105 1.13803e+03 1.93587e+03
106 1.12620e+03 1.93587e+03
107 1.11438e+03 1.93587e+03
108 1.13211e+03 1.92996e+03
109 1.14394e+03 1.92996e+03
110 1.15576e+03 1.92996e+03
111 1.16759e+03 1.92996e+03
112 1.17941e+03 1.92996e+03
113 1.30947e+03 1.92996e+03
114 1.32129e+03 1.92996e+03
115 1.33312e+03 1.92996e+03
116 1.34494e+03 1.92996e+03
117 1.36268e+03 1.92406e+03
118 1.35085e+03 1.92406e+03
119 1.33903e+03 1.92406e+03
120 1.32720e+03 1.92406e+03
121 1.31538e+03 1.92406e+03
122 1.30356e+03 1.92406e+03
123 1.22079e+03 1.92406e+03
124 1.20897e+03 1.92406e+03
125 1.19715e+03 1.92406e+03
126 1.18532e+03 1.92406e+03
127 1.20306e+03 1.91815e+03
128 1.27400e+03 1.91815e+03
129 1.28582e+03 1.91815e+03
130 1.29765e+03 1.91815e+03
131 1.30947e+03 1.91815e+03
132 1.38041e+03 1.91815e+03
133 1.39224e+03 1.91815e+03
134 1.40406e+03 1.91815e+03
135 1.41588e+03 1.91815e+03
136 1.23262e+03 1.91225e+03
137 1.22079e+03 1.91225e+03
138 1.20897e+03 1.91225e+03
139 1.19715e+03 1.91225e+03
140 1.07300e+03 1.90634e+03
141 1.08482e+03 1.90634e+03
142 1.09664e+03 1.90634e+03
143 1.10847e+03 1.90634e+03
144 1.12029e+03 1.90634e+03
145 1.13211e+03 1.90634e+03
146 1.14394e+03 1.90634e+03
147 1.26218e+03 1.90634e+03
148 1.27400e+03 1.90634e+03
149 1.28582e+03 1.90634e+03
150 1.29765e+03 1.90634e+03
151 1.33312e+03 1.90634e+03
152 1.34494e+03 1.90634e+03
153 1.35677e+03 1.90634e+03
154 1.36859e+03 1.90634e+03
155 1.35085e+03 1.90044e+03
156 1.33903e+03 1.90044e+03
157 1.32720e+03 1.90044e+03
158 1.31538e+03 1.90044e+03
159 1.28582e+03 1.89453e+03
160 1.27400e+03 1.89453e+03
161 1.26218e+03 1.89453e+03
162 1.25035e+03 1.89453e+03
163 1.23853e+03 1.89453e+03
164 1.14394e+03 1.89453e+03
165 1.13211e+03 1.89453e+03
166 1.12029e+03 1.89453e+03
167 1.10847e+03 1.89453e+03
168 1.09664e+03 1.89453e+03
169 1.27991e+03 1.88863e+03
170 1.29173e+03 1.88863e+03
171 1.30356e+03 1.88863e+03
172 1.31538e+03 1.88863e+03
173 1.41588e+03 1.88272e+03
174 1.40406e+03 1.88272e+03
175 1.39224e+03 1.88272e+03
176 1.38041e+03 1.88272e+03
177 1.29765e+03 1.88272e+03
178 1.28582e+03 1.88272e+03
179 1.12029e+03 1.88272e+03
180 1.10847e+03 1.88272e+03
181 1.09664e+03 1.88272e+03
182 1.08482e+03 1.88272e+03
183 1.32720e+03 1.87682e+03
184 1.33903e+03 1.87682e+03
185 1.35085e+03 1.87682e+03
186 1.36268e+03 1.87682e+03
187 1.37450e+03 1.87682e+03
188 1.38632e+03 1.87682e+03
189 1.36859e+03 1.87091e+03
190 1.35677e+03 1.87091e+03
191 1.34494e+03 1.87091e+03
192 1.33312e+03 1.87091e+03
193 1.23853e+03 1.87091e+03
194 1.22670e+03 1.87091e+03
195 1.21488e+03 1.87091e+03
196 1.20306e+03 1.87091e+03
197 1.19123e+03 1.87091e+03
198 1.17941e+03 1.87091e+03
199 1.16759e+03 1.87091e+03
200 1.15576e+03 1.87091e+03
201 1.14394e+03 1.87091e+03
202 1.13211e+03 1.87091e+03
203 1.22079e+03 1.86501e+03
204 1.23262e+03 1.86501e+03
205 1.24444e+03 1.86501e+03
206 1.25626e+03 1.86501e+03
207 1.26809e+03 1.86501e+03
208 1.27991e+03 1.86501e+03
209 1.29173e+03 1.86501e+03
210 1.30356e+03 1.86501e+03
211 1.65827e+03 1.74691e+03
212 6.65081e+02 1.74691e+03
213 6.70992e+02 1.74100e+03
214 6.82816e+02 1.74100e+03
215 6.94640e+02 1.74100e+03
216 7.06463e+02 1.74100e+03
217 7.18287e+02 1.74100e+03
218 7.30111e+02 1.74100e+03
219 1.66418e+03 1.74100e+03
220 1.67600e+03 1.74100e+03
221 1.68783e+03 1.74100e+03
222 1.69965e+03 1.74100e+03
223 1.71147e+03 1.74100e+03
224 1.72330e+03 1.74100e+03
225 1.87109e+03 1.72329e+03
226 1.85927e+03 1.72329e+03
227 8.77906e+02 1.72329e+03
228 8.66083e+02 1.72329e+03
229 7.83317e+02 1.52252e+03
230 7.95141e+02 1.52252e+03
231 8.06964e+02 1.52252e+03
232 8.18788e+02 1.52252e+03
233 8.30612e+02 1.52252e+03
234 1.77651e+03 1.52252e+03
235 1.78833e+03 1.52252e+03
236 1.80015e+03 1.52252e+03
237 1.81198e+03 1.52252e+03
238 1.82380e+03 1.52252e+03
239 1.23853e+03 1.51661e+03
240 1.22670e+03 1.51661e+03
241 1.21488e+03 1.51661e+03
242 1.20306e+03 1.51661e+03
243 1.19123e+03 1.51661e+03
244 1.17941e+03 1.51661e+03
245 1.16759e+03 1.51661e+03
246 1.15576e+03 1.51661e+03
247 1.14394e+03 1.51661e+03
248 1.13211e+03 1.51661e+03
249 1.12029e+03 1.51661e+03
250 1.10847e+03 1.51661e+03
251 1.09664e+03 1.51661e+03
252 1.08482e+03 1.51661e+03
253 1.07300e+03 1.51661e+03
254 1.06117e+03 1.51661e+03
255 1.04935e+03 1.51661e+03
256 1.03753e+03 1.51661e+03
257 1.02570e+03 1.51661e+03
258 1.01388e+03 1.51661e+03
259 1.00205e+03 1.51661e+03
260 9.90231e+02 1.51661e+03
261 9.78407e+02 1.51661e+03
262 9.66584e+02 1.51661e+03
263 9.54760e+02 1.51661e+03
264 9.42937e+02 1.51661e+03
265 9.31113e+02 1.51661e+03
266 9.19289e+02 1.51661e+03
267 9.07466e+02 1.51661e+03
268 8.95642e+02 1.51661e+03
269 8.83818e+02 1.51661e+03
270 8.71994e+02 1.51661e+03
271 8.60171e+02 1.51661e+03
272 8.48347e+02 1.51661e+03
273 8.36524e+02 1.51661e+03
274 8.24700e+02 1.51661e+03
275 8.12876e+02 1.51661e+03
276 8.01053e+02 1.51661e+03
277 7.89229e+02 1.51661e+03
278 7.77405e+02 1.51661e+03
279 7.65581e+02 1.51661e+03
280 7.53758e+02 1.51661e+03
281 7.41934e+02 1.51661e+03
282 7.30111e+02 1.51661e+03
283 7.18287e+02 1.51661e+03
284 7.06463e+02 1.51661e+03
285 6.94640e+02 1.51661e+03
286 6.82816e+02 1.51661e+03
287 6.70992e+02 1.51661e+03
288 6.59169e+02 1.51661e+03
289 6.47345e+02 1.51661e+03
290 6.35521e+02 1.51661e+03
291 6.23698e+02 1.51661e+03
292 6.11874e+02 1.51661e+03
293 6.00050e+02 1.51661e+03
294 5.88227e+02 1.51661e+03
295 5.76403e+02 1.51661e+03
296 5.64579e+02 1.51661e+03
297 5.52756e+02 1.51661e+03
298 5.40932e+02 1.51661e+03
299 5.29108e+02 1.51661e+03
300 5.17285e+02 1.51661e+03
301 5.05461e+02 1.51661e+03
302 4.93637e+02 1.51661e+03
303 4.81814e+02 1.51661e+03
304 4.69990e+02 1.51661e+03
305 4.58166e+02 1.51661e+03
306 4.46343e+02 1.51661e+03
307 4.34519e+02 1.51661e+03
308 4.22696e+02 1.51661e+03
309 4.10872e+02 1.51661e+03
310 3.99048e+02 1.51661e+03
311 3.87224e+02 1.51661e+03
312 3.75401e+02 1.51661e+03
313 3.63577e+02 1.51661e+03
314 3.51753e+02 1.51661e+03
315 3.69489e+02 1.48708e+03
316 3.81313e+02 1.48708e+03
317 3.93136e+02 1.48708e+03
318 4.04960e+02 1.48708e+03
319 4.16784e+02 1.48708e+03
320 4.28607e+02 1.48708e+03
321 4.40431e+02 1.48708e+03
322 4.52255e+02 1.48708e+03
323 4.64078e+02 1.48708e+03
324 4.75902e+02 1.48708e+03
325 4.87725e+02 1.48708e+03
326 4.99549e+02 1.48708e+03
327 5.11373e+02 1.48708e+03
328 5.23196e+02 1.48708e+03
329 5.35020e+02 1.48708e+03
330 5.46844e+02 1.48708e+03
331 5.58668e+02 1.48708e+03
332 5.70491e+02 1.48708e+03
333 5.82315e+02 1.48708e+03
334 5.94138e+02 1.48708e+03
335 6.05962e+02 1.48708e+03
336 6.17786e+02 1.48708e+03
337 6.29609e+02 1.48708e+03
338 6.41433e+02 1.48708e+03
339 6.53257e+02 1.48708e+03
340 6.65081e+02 1.48708e+03
341 6.76904e+02 1.48708e+03
342 6.88728e+02 1.48708e+03
343 7.00551e+02 1.48708e+03
344 7.12375e+02 1.48708e+03
345 7.24199e+02 1.48708e+03
346 7.36022e+02 1.48708e+03
347 7.47846e+02 1.48708e+03
348 7.59670e+02 1.48708e+03
349 7.71494e+02 1.48708e+03
350 7.83317e+02 1.48708e+03
351 7.95141e+02 1.48708e+03
352 8.06964e+02 1.48708e+03
353 8.18788e+02 1.48708e+03
354 8.30612e+02 1.48708e+03
355 8.42435e+02 1.48708e+03
356 8.54259e+02 1.48708e+03
357 8.66083e+02 1.48708e+03
358 8.77906e+02 1.48708e+03
359 8.89730e+02 1.48708e+03
360 9.01554e+02 1.48708e+03
361 9.13377e+02 1.48708e+03
362 9.25201e+02 1.48708e+03
363 9.37025e+02 1.48708e+03
364 9.48848e+02 1.48708e+03
365 9.60672e+02 1.48708e+03
366 9.72496e+02 1.48708e+03
367 9.84319e+02 1.48708e+03
368 9.96143e+02 1.48708e+03
369 1.00797e+03 1.48708e+03
370 1.01979e+03 1.48708e+03
371 1.03161e+03 1.48708e+03
372 1.04344e+03 1.48708e+03
373 1.05526e+03 1.48708e+03
374 1.06708e+03 1.48708e+03
375 1.07891e+03 1.48708e+03
376 1.09073e+03 1.48708e+03
377 1.10256e+03 1.48708e+03
378 1.11438e+03 1.48708e+03
379 1.12620e+03 1.48708e+03
380 1.13803e+03 1.48708e+03
381 1.14985e+03 1.48708e+03
382 1.16167e+03 1.48708e+03
383 1.17350e+03 1.48708e+03
384 1.18532e+03 1.48708e+03
385 1.19715e+03 1.48708e+03
386 1.20897e+03 1.48708e+03
387 2.06027e+03 1.47528e+03
388 2.04845e+03 1.47528e+03
389 2.03662e+03 1.47528e+03
390 2.02480e+03 1.47528e+03
391 2.01298e+03 1.47528e+03
392 2.00115e+03 1.47528e+03
393 1.98933e+03 1.47528e+03
394 1.97751e+03 1.47528e+03
395 1.96568e+03 1.47528e+03
396 1.95386e+03 1.47528e+03
397 1.94204e+03 1.47528e+03
398 1.93021e+03 1.47528e+03
399 1.91839e+03 1.47528e+03
400 1.90656e+03 1.47528e+03
401 1.89474e+03 1.47528e+03
402 1.88292e+03 1.47528e+03
403 1.87109e+03 1.47528e+03
404 1.85927e+03 1.47528e+03
405 1.84745e+03 1.47528e+03
406 1.83562e+03 1.47528e+03
407 1.82380e+03 1.47528e+03
408 1.81198e+03 1.47528e+03
409 1.80015e+03 1.47528e+03
410 1.78833e+03 1.47528e+03
411 1.77651e+03 1.47528e+03
412 1.76468e+03 1.47528e+03
413 1.75286e+03 1.47528e+03
414 1.74103e+03 1.47528e+03
415 1.72921e+03 1.47528e+03
416 1.71739e+03 1.47528e+03
417 1.70556e+03 1.47528e+03
418 1.69374e+03 1.47528e+03
419 1.68192e+03 1.47528e+03
420 1.67009e+03 1.47528e+03
421 1.65827e+03 1.47528e+03
422 1.64644e+03 1.47528e+03
423 1.63462e+03 1.47528e+03
424 1.62280e+03 1.47528e+03
425 1.61097e+03 1.47528e+03
426 1.59915e+03 1.47528e+03
427 1.58733e+03 1.47528e+03
428 1.57550e+03 1.47528e+03
429 1.56368e+03 1.47528e+03
430 1.55185e+03 1.47528e+03
431 1.54003e+03 1.47528e+03
432 1.52821e+03 1.47528e+03
433 1.51638e+03 1.47528e+03
434 1.50456e+03 1.47528e+03
435 1.49274e+03 1.47528e+03
436 1.48091e+03 1.47528e+03
437 1.46909e+03 1.47528e+03
438 1.45727e+03 1.47528e+03
439 1.44544e+03 1.47528e+03
440 1.43362e+03 1.47528e+03
441 1.42180e+03 1.47528e+03
442 1.40997e+03 1.47528e+03
443 1.39815e+03 1.47528e+03
444 1.38632e+03 1.47528e+03
445 1.37450e+03 1.47528e+03
446 1.36268e+03 1.47528e+03
447 1.35085e+03 1.47528e+03
448 1.33903e+03 1.47528e+03
449 1.32720e+03 1.47528e+03
450 1.31538e+03 1.47528e+03
451 1.30356e+03 1.47528e+03
452 1.29173e+03 1.47528e+03
453 1.27991e+03 1.47528e+03
454 1.26809e+03 1.47528e+03
455 1.25626e+03 1.47528e+03
456 1.24444e+03 1.47528e+03
457 1.23262e+03 1.47528e+03
458 1.22079e+03 1.47528e+03
459 1.25035e+03 1.44575e+03
460 1.26218e+03 1.44575e+03
461 1.27400e+03 1.44575e+03
462 1.28582e+03 1.44575e+03
463 1.29765e+03 1.44575e+03
464 1.30947e+03 1.44575e+03
465 1.32129e+03 1.44575e+03
466 1.33312e+03 1.44575e+03
467 1.34494e+03 1.44575e+03
468 1.35677e+03 1.44575e+03
469 1.36859e+03 1.44575e+03
470 1.38041e+03 1.44575e+03
471 1.39224e+03 1.44575e+03
472 1.40406e+03 1.44575e+03
473 1.41588e+03 1.44575e+03
474 1.42771e+03 1.44575e+03
475 1.43953e+03 1.44575e+03
476 1.45135e+03 1.44575e+03
477 1.46318e+03 1.44575e+03
478 1.47500e+03 1.44575e+03
479 1.48682e+03 1.44575e+03
480 1.49865e+03 1.44575e+03
481 1.51047e+03 1.44575e+03
482 1.52230e+03 1.44575e+03
483 1.53412e+03 1.44575e+03
484 1.54594e+03 1.44575e+03
485 1.55777e+03 1.44575e+03
486 1.56959e+03 1.44575e+03
487 1.58141e+03 1.44575e+03
488 1.59324e+03 1.44575e+03
489 1.60506e+03 1.44575e+03
490 1.61689e+03 1.44575e+03
491 1.62871e+03 1.44575e+03
492 1.64053e+03 1.44575e+03
493 1.65236e+03 1.44575e+03
494 1.66418e+03 1.44575e+03
495 1.67600e+03 1.44575e+03
496 1.68783e+03 1.44575e+03
497 1.69965e+03 1.44575e+03
498 1.71147e+03 1.44575e+03
499 1.72330e+03 1.44575e+03
500 1.73512e+03 1.44575e+03
501 1.74695e+03 1.44575e+03
502 1.75877e+03 1.44575e+03
503 1.77059e+03 1.44575e+03
504 1.78242e+03 1.44575e+03
505 1.78833e+03 1.41622e+03
506 1.77651e+03 1.41622e+03
507 1.76468e+03 1.41622e+03
508 1.75286e+03 1.41622e+03
509 1.74103e+03 1.41622e+03
510 1.72921e+03 1.41622e+03
511 1.71739e+03 1.41622e+03
512 1.70556e+03 1.41622e+03
513 1.69374e+03 1.41622e+03
514 1.68192e+03 1.41622e+03
515 1.67009e+03 1.41622e+03
516 1.65827e+03 1.41622e+03
517 1.64644e+03 1.41622e+03
518 1.36268e+03 1.41622e+03
519 1.35085e+03 1.41622e+03
520 1.33903e+03 1.41622e+03
521 1.32720e+03 1.41622e+03
522 1.31538e+03 1.41622e+03
523 1.30356e+03 1.41622e+03
524 1.29173e+03 1.41622e+03
525 1.36859e+03 1.41032e+03
526 1.38041e+03 1.41032e+03
527 1.39224e+03 1.41032e+03
528 1.40406e+03 1.41032e+03
529 1.41588e+03 1.41032e+03
530 1.42771e+03 1.41032e+03
531 1.43953e+03 1.41032e+03
532 1.45135e+03 1.41032e+03
533 1.46318e+03 1.41032e+03
534 1.47500e+03 1.41032e+03
535 1.48682e+03 1.41032e+03
536 1.49865e+03 1.41032e+03
537 1.51047e+03 1.41032e+03
538 1.52230e+03 1.41032e+03
539 1.53412e+03 1.41032e+03
540 1.54594e+03 1.41032e+03
541 1.55777e+03 1.41032e+03
542 1.56959e+03 1.41032e+03
543 1.58141e+03 1.41032e+03
544 1.59324e+03 1.41032e+03
545 1.60506e+03 1.41032e+03
546 1.61689e+03 1.41032e+03
547 1.62871e+03 1.41032e+03
548 1.64053e+03 1.41032e+03
549 1.65236e+03 1.41032e+03
550 1.66418e+03 1.41032e+03
551 1.67600e+03 1.41032e+03
552 1.68783e+03 1.41032e+03
553 1.69965e+03 1.41032e+03
554 1.71147e+03 1.41032e+03
555 1.72330e+03 1.41032e+03
556 1.73512e+03 1.41032e+03
557 1.74695e+03 1.41032e+03
558 1.75877e+03 1.41032e+03
559 1.77059e+03 1.41032e+03
560 1.78242e+03 1.41032e+03
561 1.79424e+03 1.41032e+03
562 1.80606e+03 1.41032e+03
563 1.81789e+03 1.41032e+03
564 1.82971e+03 1.41032e+03
565 1.84154e+03 1.41032e+03
566 1.79424e+03 1.39851e+03
567 1.78242e+03 1.39851e+03
568 1.77059e+03 1.39851e+03
569 1.75877e+03 1.39851e+03
570 1.74695e+03 1.39851e+03
571 1.73512e+03 1.39851e+03
572 1.72330e+03 1.39851e+03
573 1.71147e+03 1.39851e+03
574 1.69965e+03 1.39851e+03
575 1.68783e+03 1.39851e+03
576 1.67600e+03 1.39851e+03
577 1.66418e+03 1.39851e+03
578 1.65236e+03 1.39851e+03
579 1.64053e+03 1.39851e+03
580 1.78833e+03 1.39260e+03
581 1.80015e+03 1.39260e+03
582 1.81198e+03 1.39260e+03
583 1.81198e+03 1.27450e+03
584 1.80015e+03 1.27450e+03
585 1.78833e+03 1.27450e+03
586 1.77651e+03 1.27450e+03
587 1.76468e+03 1.27450e+03
588 1.75286e+03 1.27450e+03
589 1.74103e+03 1.27450e+03
590 1.72921e+03 1.27450e+03
591 1.71739e+03 1.27450e+03
592 1.70556e+03 1.27450e+03
593 1.69374e+03 1.27450e+03
594 1.68192e+03 1.27450e+03
595 1.67009e+03 1.27450e+03
596 1.65827e+03 1.27450e+03
597 1.64644e+03 1.27450e+03
598 1.63462e+03 1.27450e+03
599 1.62280e+03 1.27450e+03
600 1.61097e+03 1.27450e+03
601 1.59915e+03 1.27450e+03
602 1.58733e+03 1.27450e+03
603 1.57550e+03 1.27450e+03
604 1.56368e+03 1.27450e+03
605 1.55185e+03 1.27450e+03
606 1.54003e+03 1.27450e+03
607 1.52821e+03 1.27450e+03
608 1.51638e+03 1.27450e+03
609 1.50456e+03 1.27450e+03
610 1.49274e+03 1.27450e+03
611 1.48091e+03 1.27450e+03
612 1.46909e+03 1.27450e+03
613 1.45727e+03 1.27450e+03
614 1.44544e+03 1.27450e+03
615 1.43362e+03 1.27450e+03
616 1.42180e+03 1.27450e+03
617 1.40997e+03 1.27450e+03
618 1.39815e+03 1.27450e+03
619 1.38632e+03 1.27450e+03
620 1.37450e+03 1.27450e+03
621 1.36268e+03 1.27450e+03
622 1.35085e+03 1.27450e+03
623 1.33903e+03 1.27450e+03
624 1.32720e+03 1.27450e+03
625 1.31538e+03 1.27450e+03
626 1.30356e+03 1.27450e+03
627 1.29173e+03 1.27450e+03
628 1.27991e+03 1.27450e+03
629 1.26809e+03 1.27450e+03
630 1.25626e+03 1.27450e+03
631 1.24444e+03 1.27450e+03
632 1.12620e+03 1.25088e+03
633 1.13803e+03 1.25088e+03
634 1.14985e+03 1.25088e+03
635 1.16167e+03 1.25088e+03
636 1.17350e+03 1.25088e+03
637 1.18532e+03 1.25088e+03
638 1.19715e+03 1.25088e+03
639 1.20897e+03 1.25088e+03
640 1.22079e+03 1.25088e+03
641 1.23262e+03 1.25088e+03
642 1.24444e+03 1.25088e+03
643 1.25626e+03 1.25088e+03
644 1.26809e+03 1.25088e+03
645 1.27991e+03 1.25088e+03
646 1.29173e+03 1.25088e+03
647 1.30356e+03 1.25088e+03
648 1.31538e+03 1.25088e+03
649 1.32720e+03 1.25088e+03
650 1.33903e+03 1.25088e+03
651 1.35085e+03 1.25088e+03
652 1.36268e+03 1.25088e+03
653 1.37450e+03 1.25088e+03
654 1.38632e+03 1.25088e+03
655 1.39815e+03 1.25088e+03
656 1.40997e+03 1.25088e+03
657 1.42180e+03 1.25088e+03
658 1.43362e+03 1.25088e+03
659 1.44544e+03 1.25088e+03
660 1.45727e+03 1.25088e+03
661 1.46909e+03 1.25088e+03
662 1.48091e+03 1.25088e+03
663 1.49274e+03 1.25088e+03
664 1.50456e+03 1.25088e+03
665 1.51638e+03 1.25088e+03
666 1.52821e+03 1.25088e+03
667 1.54003e+03 1.25088e+03
668 1.55185e+03 1.25088e+03
669 1.56368e+03 1.25088e+03
670 1.57550e+03 1.25088e+03
671 1.58733e+03 1.25088e+03
672 1.59915e+03 1.25088e+03
673 1.61097e+03 1.25088e+03
674 1.62280e+03 1.25088e+03
675 1.63462e+03 1.25088e+03
676 1.64644e+03 1.25088e+03
677 1.65827e+03 1.25088e+03
678 1.67009e+03 1.25088e+03
679 1.68192e+03 1.25088e+03
680 1.69374e+03 1.25088e+03
681 1.70556e+03 1.25088e+03
682 1.71739e+03 1.25088e+03
683 1.72921e+03 1.25088e+03
684 1.74103e+03 1.25088e+03
685 1.80606e+03 1.24498e+03
686 1.79424e+03 1.24498e+03
687 1.78242e+03 1.24498e+03
688 1.77059e+03 1.24498e+03
689 1.75877e+03 1.24498e+03
690 1.74695e+03 1.24498e+03
691 1.73512e+03 1.24498e+03
692 1.72330e+03 1.24498e+03
693 1.71147e+03 1.24498e+03
694 1.69965e+03 1.24498e+03
695 1.68783e+03 1.24498e+03
696 1.67600e+03 1.24498e+03
697 1.66418e+03 1.24498e+03
698 1.65236e+03 1.24498e+03
699 1.64053e+03 1.24498e+03
700 1.62871e+03 1.24498e+03
701 1.61689e+03 1.24498e+03
702 1.60506e+03 1.24498e+03
703 1.59324e+03 1.24498e+03
704 1.58141e+03 1.24498e+03
705 1.56959e+03 1.24498e+03
706 1.55777e+03 1.24498e+03
707 1.54594e+03 1.24498e+03
708 1.53412e+03 1.24498e+03
709 1.52230e+03 1.24498e+03
710 1.51047e+03 1.24498e+03
711 1.49865e+03 1.24498e+03
712 1.48682e+03 1.24498e+03
713 1.47500e+03 1.24498e+03
714 1.46318e+03 1.24498e+03
715 1.45135e+03 1.24498e+03
716 1.43953e+03 1.24498e+03
717 1.42771e+03 1.24498e+03
718 1.41588e+03 1.24498e+03
719 1.40406e+03 1.24498e+03
720 1.39224e+03 1.24498e+03
721 1.38041e+03 1.24498e+03
722 1.36859e+03 1.24498e+03
723 1.35677e+03 1.24498e+03
724 1.34494e+03 1.24498e+03
725 1.33312e+03 1.24498e+03
726 1.32129e+03 1.24498e+03
727 1.30947e+03 1.24498e+03
728 1.29765e+03 1.24498e+03
729 1.28582e+03 1.24498e+03
730 1.27400e+03 1.24498e+03
731 1.26218e+03 1.24498e+03
732 1.25035e+03 1.24498e+03
733 1.23853e+03 1.24498e+03
734 1.24444e+03 1.22726e+03
735 1.25626e+03 1.22726e+03
736 1.26809e+03 1.22726e+03
737 1.27991e+03 1.22726e+03
738 1.29173e+03 1.22726e+03
739 1.30356e+03 1.22726e+03
740 1.31538e+03 1.22726e+03
741 1.32720e+03 1.22726e+03
742 1.33903e+03 1.22726e+03
743 1.35085e+03 1.22726e+03
744 1.36268e+03 1.22726e+03
745 1.37450e+03 1.22726e+03
746 1.38632e+03 1.22726e+03
747 1.39815e+03 1.22726e+03
748 1.40997e+03 1.22726e+03
749 1.42180e+03 1.22726e+03
750 1.43362e+03 1.22726e+03
751 1.44544e+03 1.22726e+03
752 1.45727e+03 1.22726e+03
753 1.46909e+03 1.22726e+03
754 1.48091e+03 1.22726e+03
755 1.49274e+03 1.22726e+03
756 1.50456e+03 1.22726e+03
757 1.51638e+03 1.22726e+03
758 1.52821e+03 1.22726e+03
759 1.54003e+03 1.22726e+03
760 1.55185e+03 1.22726e+03
761 1.56368e+03 1.22726e+03
762 1.57550e+03 1.22726e+03
763 1.58733e+03 1.22726e+03
764 1.59915e+03 1.22726e+03
765 1.61097e+03 1.22726e+03
766 1.62280e+03 1.22726e+03
767 1.63462e+03 1.22726e+03
768 1.64644e+03 1.22726e+03
769 1.65827e+03 1.22726e+03
770 1.67009e+03 1.22726e+03
771 1.68192e+03 1.22726e+03
772 1.69374e+03 1.22726e+03
773 1.70556e+03 1.22726e+03
774 1.71739e+03 1.22726e+03
775 1.72921e+03 1.22726e+03
776 1.74103e+03 1.22726e+03
777 1.75286e+03 1.22726e+03
778 1.76468e+03 1.22726e+03
779 1.77651e+03 1.22726e+03
780 1.78833e+03 1.22726e+03
781 1.85336e+03 1.22136e+03
782 1.84154e+03 1.22136e+03
783 1.82971e+03 1.22136e+03
784 1.81789e+03 1.22136e+03
785 1.80606e+03 1.22136e+03
786 1.79424e+03 1.22136e+03
787 1.78242e+03 1.22136e+03
788 1.77059e+03 1.22136e+03
789 1.75877e+03 1.22136e+03
790 1.74695e+03 1.22136e+03
791 1.73512e+03 1.22136e+03
792 1.72330e+03 1.22136e+03
793 1.71147e+03 1.22136e+03
794 1.69965e+03 1.22136e+03
795 1.68783e+03 1.22136e+03
796 1.67600e+03 1.22136e+03
797 1.66418e+03 1.22136e+03
798 1.65236e+03 1.22136e+03
799 1.64053e+03 1.22136e+03
800 1.62871e+03 1.22136e+03
801 1.61689e+03 1.22136e+03
802 1.60506e+03 1.22136e+03
803 1.59324e+03 1.22136e+03
804 1.58141e+03 1.22136e+03
805 1.56959e+03 1.22136e+03
806 1.55777e+03 1.22136e+03
807 1.54594e+03 1.22136e+03
808 1.53412e+03 1.22136e+03
809 1.52230e+03 1.22136e+03
810 1.51047e+03 1.22136e+03
811 1.49865e+03 1.22136e+03
812 1.48682e+03 1.22136e+03
813 1.47500e+03 1.22136e+03
814 1.46318e+03 1.22136e+03
815 1.45135e+03 1.22136e+03
816 1.43953e+03 1.22136e+03
817 1.42771e+03 1.22136e+03
818 1.41588e+03 1.22136e+03
819 1.40406e+03 1.22136e+03
820 1.39224e+03 1.22136e+03
821 1.38041e+03 1.22136e+03
822 1.13803e+03 1.15640e+03
823 1.14985e+03 1.15640e+03
824 1.16167e+03 1.15640e+03
825 1.17350e+03 1.15640e+03
826 1.18532e+03 1.15640e+03
827 1.19715e+03 1.15640e+03
828 1.20897e+03 1.15640e+03
829 1.22079e+03 1.15640e+03
830 1.23262e+03 1.15640e+03
831 1.24444e+03 1.15640e+03
832 1.25626e+03 1.15640e+03
833 1.26809e+03 1.15640e+03
834 1.27991e+03 1.15640e+03
835 1.29173e+03 1.15640e+03
836 1.30356e+03 1.15640e+03
837 1.31538e+03 1.15640e+03
838 1.32720e+03 1.15640e+03
839 1.33903e+03 1.15640e+03
840 1.35085e+03 1.15640e+03
841 1.36268e+03 1.15640e+03
842 1.37450e+03 1.15640e+03
843 1.38632e+03 1.15640e+03
844 1.39815e+03 1.15640e+03
845 1.40997e+03 1.15640e+03
846 1.42180e+03 1.15640e+03
847 1.43362e+03 1.15640e+03
848 1.44544e+03 1.15640e+03
849 1.45727e+03 1.15640e+03
850 1.46909e+03 1.15640e+03
851 1.48091e+03 1.15640e+03
852 1.49274e+03 1.15640e+03
853 1.50456e+03 1.15640e+03
854 1.51638e+03 1.15640e+03
855 1.52821e+03 1.15640e+03
856 1.54003e+03 1.15640e+03
857 1.55185e+03 1.15640e+03
858 1.56368e+03 1.15640e+03
859 1.57550e+03 1.15640e+03
860 1.58733e+03 1.15640e+03
861 1.59915e+03 1.15640e+03
862 1.61097e+03 1.15640e+03
863 1.62280e+03 1.15640e+03
864 1.63462e+03 1.15640e+03
865 1.64644e+03 1.15640e+03
866 1.65827e+03 1.15640e+03
867 1.67009e+03 1.15640e+03
868 1.68192e+03 1.15640e+03
869 1.69374e+03 1.15640e+03
870 1.70556e+03 1.15640e+03
871 1.71739e+03 1.15640e+03
872 1.72921e+03 1.15640e+03
873 1.74103e+03 1.15640e+03
874 1.75286e+03 1.15640e+03
875 1.22670e+03 1.15050e+03
876 1.21488e+03 1.15050e+03
877 1.20306e+03 1.15050e+03
878 1.19123e+03 1.15050e+03
879 1.17941e+03 1.15050e+03
880 1.16759e+03 1.15050e+03
881 1.15576e+03 1.15050e+03
882 1.14394e+03 1.15050e+03
883 1.13211e+03 1.15050e+03
884 1.12029e+03 1.15050e+03
885 1.10847e+03 1.15050e+03
886 1.09664e+03 1.15050e+03
887 1.08482e+03 1.15050e+03
888 1.07300e+03 1.15050e+03
889 1.06117e+03 1.15050e+03
890 1.04935e+03 1.15050e+03
891 1.03753e+03 1.15050e+03
892 1.02570e+03 1.15050e+03
893 1.01388e+03 1.15050e+03
894 1.00205e+03 1.15050e+03
895 9.90231e+02 1.15050e+03
896 9.78407e+02 1.15050e+03
897 9.66584e+02 1.15050e+03
898 9.54760e+02 1.15050e+03
899 9.42937e+02 1.15050e+03
900 9.31113e+02 1.15050e+03
901 9.19289e+02 1.15050e+03
902 9.07466e+02 1.15050e+03
903 8.95642e+02 1.15050e+03
904 8.83818e+02 1.15050e+03
905 8.71994e+02 1.15050e+03
906 8.60171e+02 1.15050e+03
907 8.48347e+02 1.15050e+03
908 8.36524e+02 1.15050e+03
909 8.24700e+02 1.15050e+03
910 8.12876e+02 1.15050e+03
911 8.01053e+02 1.15050e+03
912 7.89229e+02 1.15050e+03
913 7.77405e+02 1.15050e+03
914 7.65581e+02 1.15050e+03
915 7.53758e+02 1.15050e+03
916 7.41934e+02 1.15050e+03
917 7.30111e+02 1.15050e+03
918 7.18287e+02 1.15050e+03
919 7.06463e+02 1.15050e+03
920 6.94640e+02 1.15050e+03
921 6.82816e+02 1.15050e+03
922 6.70992e+02 1.15050e+03
923 6.59169e+02 1.15050e+03
924 6.47345e+02 1.15050e+03
925 6.35521e+02 1.15050e+03
926 6.23698e+02 1.15050e+03
927 6.11874e+02 1.15050e+03
928 6.00050e+02 1.15050e+03
929 5.88227e+02 1.15050e+03
930 5.76403e+02 1.15050e+03
931 5.64579e+02 1.15050e+03
932 5.52756e+02 1.15050e+03
933 5.40932e+02 1.15050e+03
934 5.29108e+02 1.15050e+03
935 5.17285e+02 1.15050e+03
936 5.05461e+02 1.15050e+03
937 4.93637e+02 1.15050e+03
938 4.81814e+02 1.15050e+03
939 4.69990e+02 1.15050e+03
940 4.58166e+02 1.15050e+03
941 4.46343e+02 1.15050e+03
942 4.34519e+02 1.15050e+03
943 4.22696e+02 1.15050e+03
944 4.10872e+02 1.15050e+03
945 3.99048e+02 1.15050e+03
946 3.87224e+02 1.15050e+03
947 3.75401e+02 1.15050e+03
948 3.63577e+02 1.15050e+03
949 3.51753e+02 1.15050e+03
950 3.39930e+02 1.15050e+03
951 1.12620e+03 1.14459e+03
952 1.13803e+03 1.14459e+03
953 1.14985e+03 1.14459e+03
954 1.16167e+03 1.14459e+03
955 1.17350e+03 1.14459e+03
956 1.18532e+03 1.14459e+03
957 1.19715e+03 1.14459e+03
958 1.20897e+03 1.14459e+03
959 1.22079e+03 1.14459e+03
960 1.23262e+03 1.14459e+03
961 1.24444e+03 1.14459e+03
962 1.25626e+03 1.14459e+03
963 1.26809e+03 1.14459e+03
964 1.27991e+03 1.14459e+03
965 1.29173e+03 1.14459e+03
966 1.30356e+03 1.14459e+03
967 1.31538e+03 1.14459e+03
968 1.32720e+03 1.14459e+03
969 1.33903e+03 1.14459e+03
970 1.35085e+03 1.14459e+03
971 1.36268e+03 1.14459e+03
972 1.37450e+03 1.14459e+03
973 1.38632e+03 1.14459e+03
974 1.39815e+03 1.14459e+03
975 1.40997e+03 1.14459e+03
976 1.42180e+03 1.14459e+03
977 1.43362e+03 1.14459e+03
978 1.44544e+03 1.14459e+03
979 1.45727e+03 1.14459e+03
980 1.46909e+03 1.14459e+03
981 1.48091e+03 1.14459e+03
982 1.49274e+03 1.14459e+03
983 1.50456e+03 1.14459e+03
984 1.51638e+03 1.14459e+03
985 1.52821e+03 1.14459e+03
986 1.54003e+03 1.14459e+03
987 1.55185e+03 1.14459e+03
988 1.56368e+03 1.14459e+03
989 1.57550e+03 1.14459e+03
990 1.58733e+03 1.14459e+03
991 1.59915e+03 1.14459e+03
992 1.61097e+03 1.14459e+03
993 1.62280e+03 1.14459e+03
994 1.63462e+03 1.14459e+03
995 1.64644e+03 1.14459e+03
996 1.65827e+03 1.14459e+03
997 1.67009e+03 1.14459e+03
998 1.68192e+03 1.14459e+03
999 1.69374e+03 1.14459e+03
1000 1.70556e+03 1.14459e+03
1001 1.71739e+03 1.14459e+03
1002 1.72921e+03 1.14459e+03
1003 1.74103e+03 1.14459e+03
1004 1.22079e+03 1.00287e+03
1005 1.20897e+03 1.00287e+03
1006 1.19715e+03 1.00287e+03
1007 1.18532e+03 1.00287e+03
1008 1.17350e+03 1.00287e+03
1009 1.22670e+03 9.96967e+02
1010 1.23853e+03 9.96967e+02
1011 1.25035e+03 9.96967e+02
1012 1.40997e+03 8.02101e+02
1013 1.39815e+03 8.02101e+02
1014 1.38632e+03 8.02101e+02
1015 1.37450e+03 8.02101e+02
1016 1.36268e+03 8.02101e+02
1017 1.35085e+03 8.02101e+02
1018 1.30356e+03 8.02101e+02
1019 1.29173e+03 8.02101e+02
1020 1.27991e+03 8.02101e+02
1021 1.26809e+03 8.02101e+02
1022 1.25626e+03 8.02101e+02
1023 1.22079e+03 8.02101e+02
1024 1.20897e+03 8.02101e+02
1025 1.19715e+03 8.02101e+02
1026 1.18532e+03 8.02101e+02
1027 1.17350e+03 8.02101e+02
1028 1.13803e+03 8.02101e+02
1029 1.12620e+03 8.02101e+02
1030 1.11438e+03 8.02101e+02
1031 1.10256e+03 8.02101e+02
1032 1.09073e+03 8.02101e+02
1033 1.07891e+03 8.02101e+02
1034 1.08482e+03 7.96196e+02
1035 1.09664e+03 7.96196e+02
1036 1.10847e+03 7.96196e+02
1037 1.12029e+03 7.96196e+02
1038 1.13211e+03 7.96196e+02
1039 1.14394e+03 7.96196e+02
1040 1.15576e+03 7.96196e+02
1041 1.16759e+03 7.96196e+02
1042 1.17941e+03 7.96196e+02
1043 1.19123e+03 7.96196e+02
1044 1.22670e+03 7.96196e+02
1045 1.23853e+03 7.96196e+02
1046 1.25035e+03 7.96196e+02
1047 1.26218e+03 7.96196e+02
1048 1.27400e+03 7.96196e+02
1049 1.28582e+03 7.96196e+02
1050 1.34494e+03 7.96196e+02
1051 1.35677e+03 7.96196e+02
1052 1.36859e+03 7.96196e+02
1053 1.38632e+03 7.90290e+02
1054 1.37450e+03 7.90290e+02
1055 1.36268e+03 7.90290e+02
1056 1.35085e+03 7.90290e+02
1057 1.33903e+03 7.90290e+02
1058 1.26809e+03 7.90290e+02
1059 1.25626e+03 7.90290e+02
1060 1.24444e+03 7.90290e+02
1061 1.23262e+03 7.90290e+02
1062 1.16167e+03 7.90290e+02
1063 1.14985e+03 7.90290e+02
1064 1.13803e+03 7.90290e+02
1065 1.12620e+03 7.90290e+02
1066 1.20306e+03 7.84386e+02
1067 1.21488e+03 7.84386e+02
1068 1.22670e+03 7.84386e+02
1069 1.23853e+03 7.84386e+02
1070 1.28582e+03 7.84386e+02
1071 1.29765e+03 7.84386e+02
1072 1.30947e+03 7.84386e+02
1073 1.32129e+03 7.84386e+02
1074 1.33312e+03 7.84386e+02
1075 1.34494e+03 7.84386e+02
1076 1.37450e+03 7.78481e+02
1077 1.36268e+03 7.78481e+02
1078 1.35085e+03 7.78481e+02
1079 1.25626e+03 7.78481e+02
1080 1.24444e+03 7.78481e+02
1081 1.23262e+03 7.78481e+02
1082 1.17350e+03 7.78481e+02
1083 1.16167e+03 7.78481e+02
1084 1.14985e+03 7.78481e+02
1085 1.13803e+03 7.78481e+02
1086 1.12620e+03 7.78481e+02
1087 1.11438e+03 7.78481e+02
1088 1.10256e+03 7.78481e+02
1089 1.09073e+03 7.78481e+02
1090 1.07891e+03 7.78481e+02
1091 1.06708e+03 7.78481e+02
1092 1.05526e+03 7.78481e+02
1093 1.04344e+03 7.78481e+02
1094 1.03161e+03 7.78481e+02
1095 1.01979e+03 7.78481e+02
1096 1.00797e+03 7.78481e+02
1097 9.96143e+02 7.78481e+02
1098 9.84319e+02 7.78481e+02
1099 9.72496e+02 7.78481e+02
1100 9.60672e+02 7.78481e+02
1101 9.48848e+02 7.78481e+02
1102 9.37025e+02 7.78481e+02
1103 9.25201e+02 7.78481e+02
1104 9.13377e+02 7.78481e+02
1105 9.01554e+02 7.78481e+02
1106 8.89730e+02 7.78481e+02
1107 8.77906e+02 7.78481e+02
1108 8.66083e+02 7.78481e+02
1109 8.54259e+02 7.78481e+02
1110 8.42435e+02 7.78481e+02
1111 8.30612e+02 7.78481e+02
1112 8.18788e+02 7.78481e+02
1113 8.06964e+02 7.78481e+02
1114 7.95141e+02 7.78481e+02
1115 7.83317e+02 7.78481e+02
1116 7.71494e+02 7.78481e+02
1117 7.59670e+02 7.78481e+02
1118 7.47846e+02 7.78481e+02
1119 7.36022e+02 7.78481e+02
1120 1.16759e+03 7.72576e+02
1121 1.28582e+03 7.72576e+02
1122 1.29765e+03 7.72576e+02
1123 1.30947e+03 7.72576e+02
1124 1.32129e+03 7.72576e+02
1125 1.33312e+03 7.72576e+02
1126 1.34494e+03 7.72576e+02
1127 1.35677e+03 7.72576e+02
1128 1.36859e+03 7.72576e+02
1129 1.38041e+03 7.72576e+02
1130 1.39224e+03 7.72576e+02
1131 1.40406e+03 7.72576e+02
1132 1.41588e+03 7.72576e+02
1133 1.32720e+03 7.66670e+02
1134 1.31538e+03 7.66670e+02
1135 1.23262e+03 7.66670e+02
1136 1.22079e+03 7.66670e+02
1137 1.20897e+03 7.66670e+02
1138 1.19715e+03 7.66670e+02
1139 1.09664e+03 7.60765e+02
1140 1.10847e+03 7.60765e+02
1141 1.12029e+03 7.60765e+02
1142 1.13211e+03 7.60765e+02
1143 1.20306e+03 7.60765e+02
1144 1.21488e+03 7.60765e+02
1145 1.22670e+03 7.60765e+02
1146 1.23853e+03 7.60765e+02
1147 1.26218e+03 7.60765e+02
1148 1.27400e+03 7.60765e+02
1149 1.28582e+03 7.60765e+02
1150 1.34494e+03 7.60765e+02
1151 1.32720e+03 7.54861e+02
1152 1.31538e+03 7.54861e+02
1153 1.20897e+03 7.54861e+02
1154 1.19715e+03 7.54861e+02
1155 1.14985e+03 7.54861e+02
1156 1.13803e+03 7.54861e+02
1157 1.13211e+03 7.48955e+02
1158 1.14394e+03 7.48955e+02
1159 1.15576e+03 7.48955e+02
1160 1.22670e+03 7.48955e+02
1161 1.23853e+03 7.48955e+02
1162 1.36268e+03 7.43050e+02
1163 1.27991e+03 7.43050e+02
1164 1.26809e+03 7.43050e+02
1165 1.16167e+03 7.31240e+02
1166 1.14985e+03 7.31240e+02
1167 1.13803e+03 7.31240e+02
1168 1.12620e+03 7.31240e+02
1169 1.11438e+03 7.31240e+02
1170 1.38041e+03 7.25335e+02
1171 1.39224e+03 7.25335e+02
1172 1.40406e+03 7.25335e+02
1173 1.39815e+03 7.19430e+02
1174 1.38632e+03 7.19430e+02
1175 1.37450e+03 7.19430e+02
1176 1.36268e+03 7.19430e+02
1177 7.89229e+02 5.48184e+02
1178 8.01053e+02 5.48184e+02
1179 8.12876e+02 5.48184e+02
1180 8.24700e+02 5.48184e+02
1181 8.36524e+02 5.48184e+02
1182 8.48347e+02 5.48184e+02
1183 8.60171e+02 5.48184e+02
1184 8.71994e+02 5.48184e+02
1185 8.83818e+02 5.48184e+02
1186 8.95642e+02 5.48184e+02
1187 9.07466e+02 5.48184e+02
1188 9.19289e+02 5.48184e+02
1189 9.31113e+02 5.48184e+02
1190 9.42937e+02 5.48184e+02
1191 9.54760e+02 5.48184e+02
1192 9.66584e+02 5.48184e+02
1193 9.78407e+02 5.48184e+02
1194 9.90231e+02 5.48184e+02
1195 1.00205e+03 5.48184e+02
1196 1.01388e+03 5.48184e+02
1197 1.02570e+03 5.48184e+02
1198 1.03753e+03 5.48184e+02
1199 1.04935e+03 5.48184e+02
1200 1.06117e+03 5.48184e+02
1201 1.07300e+03 5.48184e+02
1202 1.08482e+03 5.48184e+02
1203 1.09664e+03 5.48184e+02
1204 1.10847e+03 5.48184e+02
1205 1.12029e+03 5.48184e+02
1206 1.13211e+03 5.48184e+02
1207 1.14394e+03 5.48184e+02
1208 1.15576e+03 5.48184e+02
1209 1.16759e+03 5.48184e+02
1210 1.17941e+03 5.48184e+02
1211 1.19123e+03 5.48184e+02
1212 1.20306e+03 5.48184e+02
1213 1.21488e+03 5.48184e+02
1214 1.22670e+03 5.48184e+02
1215 1.37450e+03 6.01329e+02
1216 1.38632e+03 6.01329e+02
1217 1.39815e+03 6.01329e+02
1218 1.40997e+03 6.01329e+02
1219 1.42180e+03 6.01329e+02
1220 1.43362e+03 6.01329e+02
1221 1.44544e+03 6.01329e+02
1222 1.45727e+03 6.01329e+02
1223 1.46909e+03 6.01329e+02
1224 1.48091e+03 6.01329e+02
1225 1.49274e+03 6.01329e+02
1226 1.50456e+03 6.01329e+02
1227 1.51638e+03 6.01329e+02
1228 1.52821e+03 6.01329e+02
1229 1.54003e+03 6.01329e+02
1230 1.55185e+03 6.01329e+02
1231 1.56368e+03 6.01329e+02
1232 1.57550e+03 6.01329e+02
1233 1.58733e+03 6.01329e+02
1234 1.59915e+03 6.01329e+02
1235 1.61097e+03 6.01329e+02
1236 1.62280e+03 6.01329e+02
1237 1.63462e+03 6.01329e+02
1238 1.64644e+03 6.01329e+02
1239 1.65827e+03 6.01329e+02
1240 1.67009e+03 6.01329e+02
1241 1.68192e+03 6.01329e+02
1242 1.69374e+03 6.01329e+02
1243 1.70556e+03 6.01329e+02
1244 1.71739e+03 6.01329e+02
1245 1.72921e+03 6.01329e+02
1246 1.74103e+03 6.01329e+02
1247 1.75286e+03 6.01329e+02
1248 1.76468e+03 6.01329e+02
1249 1.77651e+03 6.01329e+02
1250 1.78833e+03 6.01329e+02
1251 1.80015e+03 6.01329e+02
1252 1.81198e+03 6.01329e+02
1253 1.82380e+03 6.01329e+02
1254 1.83562e+03 6.01329e+02
1255 1.84745e+03 6.01329e+02
1256 1.85927e+03 6.01329e+02
1257 1.87109e+03 6.01329e+02
1258 1.88292e+03 6.01329e+02
1259 1.89474e+03 6.01329e+02
1260 1.90656e+03 6.01329e+02
1261 1.91839e+03 6.01329e+02
1262 1.93021e+03 6.01329e+02
1263 1.94204e+03 6.01329e+02
1264 1.95386e+03 6.01329e+02
1265 1.96568e+03 6.01329e+02
1266 1.97751e+03 6.01329e+02
1267 1.98933e+03 6.01329e+02
1268 2.00115e+03 6.01329e+02
1269 2.01298e+03 6.01329e+02
1270 2.02480e+03 6.01329e+02
1271 2.03662e+03 6.01329e+02
1272 2.04845e+03 6.01329e+02
1273 2.06027e+03 6.01329e+02
1274 2.07210e+03 6.01329e+02
1275 2.08392e+03 6.01329e+02
1276 1.21488e+03 5.36374e+02
1277 1.20306e+03 5.36374e+02
1278 1.19123e+03 5.36374e+02
1279 1.17941e+03 5.36374e+02
1280 1.21488e+03 1.95949e+03
1281 1.22670e+03 1.95949e+03
1282 1.23853e+03 1.95949e+03
1283 1.25035e+03 1.95949e+03
1284 1.26218e+03 1.95949e+03
1285 1.28582e+03 1.95949e+03
1286 1.29765e+03 1.95949e+03
1287 1.35085e+03 1.96539e+03
1288 1.38041e+03 1.97130e+03
1289 1.39224e+03 1.97130e+03
1290 1.30356e+03 1.95358e+03
1291 1.17350e+03 1.94177e+03
1292 1.18532e+03 1.94177e+03
1293 1.19715e+03 1.94177e+03
1294 1.20897e+03 1.94177e+03
1295 1.33903e+03 1.94177e+03
1296 1.35085e+03 1.94177e+03
1297 1.36268e+03 1.94177e+03
1298 1.37450e+03 1.94177e+03
1299 1.38632e+03 1.94177e+03
1300 1.39815e+03 1.94177e+03
1301 1.26218e+03 1.93587e+03
1302 1.25035e+03 1.93587e+03
1303 1.23853e+03 1.93587e+03
1304 1.22670e+03 1.93587e+03
1305 1.21488e+03 1.93587e+03
1306 1.15576e+03 1.93587e+03
1307 1.14394e+03 1.93587e+03
1308 1.13211e+03 1.93587e+03
1309 1.12029e+03 1.93587e+03
1310 1.10847e+03 1.93587e+03
1311 1.13803e+03 1.92996e+03
1312 1.14985e+03 1.92996e+03
1313 1.16167e+03 1.92996e+03
1314 1.17350e+03 1.92996e+03
1315 1.18532e+03 1.92996e+03
1316 1.30356e+03 1.92996e+03
1317 1.31538e+03 1.92996e+03
1318 1.32720e+03 1.92996e+03
1319 1.33903e+03 1.92996e+03
1320 1.35085e+03 1.92996e+03
1321 1.35677e+03 1.92406e+03
1322 1.34494e+03 1.92406e+03
1323 1.33312e+03 1.92406e+03
1324 1.32129e+03 1.92406e+03
1325 1.30947e+03 1.92406e+03
1326 1.21488e+03 1.92406e+03
1327 1.20306e+03 1.92406e+03
1328 1.19123e+03 1.92406e+03
1329 1.17941e+03 1.92406e+03
1330 1.19715e+03 1.91815e+03
1331 1.20897e+03 1.91815e+03
1332 1.27991e+03 1.91815e+03
1333 1.29173e+03 1.91815e+03
1334 1.30356e+03 1.91815e+03
1335 1.38632e+03 1.91815e+03
1336 1.39815e+03 1.91815e+03
1337 1.40997e+03 1.91815e+03
1338 1.22670e+03 1.91225e+03
1339 1.21488e+03 1.91225e+03
1340 1.20306e+03 1.91225e+03
1341 1.19123e+03 1.91225e+03
1342 1.07891e+03 1.90634e+03
1343 1.09073e+03 1.90634e+03
1344 1.10256e+03 1.90634e+03
1345 1.11438e+03 1.90634e+03
1346 1.12620e+03 1.90634e+03
1347 1.13803e+03 1.90634e+03
1348 1.14985e+03 1.90634e+03
1349 1.25626e+03 1.90634e+03
1350 1.26809e+03 1.90634e+03
1351 1.27991e+03 1.90634e+03
1352 1.29173e+03 1.90634e+03
1353 1.30356e+03 1.90634e+03
1354 1.33903e+03 1.90634e+03
1355 1.35085e+03 1.90634e+03
1356 1.36268e+03 1.90634e+03
1357 1.34494e+03 1.90044e+03
1358 1.33312e+03 1.90044e+03
1359 1.32129e+03 1.90044e+03
1360 1.30947e+03 1.90044e+03
1361 1.27991e+03 1.89453e+03
1362 1.26809e+03 1.89453e+03
1363 1.25626e+03 1.89453e+03
1364 1.24444e+03 1.89453e+03
1365 1.14985e+03 1.89453e+03
1366 1.13803e+03 1.89453e+03
1367 1.12620e+03 1.89453e+03
1368 1.11438e+03 1.89453e+03
1369 1.10256e+03 1.89453e+03
1370 1.09073e+03 1.89453e+03
1371 1.28582e+03 1.88863e+03
1372 1.29765e+03 1.88863e+03
1373 1.30947e+03 1.88863e+03
1374 1.32129e+03 1.88863e+03
1375 1.40997e+03 1.88272e+03
1376 1.39815e+03 1.88272e+03
1377 1.38632e+03 1.88272e+03
1378 1.30356e+03 1.88272e+03
1379 1.29173e+03 1.88272e+03
1380 1.27991e+03 1.88272e+03
1381 1.12620e+03 1.88272e+03
1382 1.11438e+03 1.88272e+03
1383 1.10256e+03 1.88272e+03
1384 1.09073e+03 1.88272e+03
1385 1.33312e+03 1.87682e+03
1386 1.34494e+03 1.87682e+03
1387 1.35677e+03 1.87682e+03
1388 1.36859e+03 1.87682e+03
1389 1.38041e+03 1.87682e+03
1390 1.37450e+03 1.87091e+03
1391 1.36268e+03 1.87091e+03
1392 1.35085e+03 1.87091e+03
1393 1.33903e+03 1.87091e+03
1394 1.32720e+03 1.87091e+03
1395 1.24444e+03 1.87091e+03
1396 1.23262e+03 1.87091e+03
1397 1.22079e+03 1.87091e+03
1398 1.20897e+03 1.87091e+03
1399 1.19715e+03 1.87091e+03
1400 1.18532e+03 1.87091e+03
1401 1.17350e+03 1.87091e+03
1402 1.16167e+03 1.87091e+03
1403 1.14985e+03 1.87091e+03
1404 1.13803e+03 1.87091e+03
1405 1.21488e+03 1.86501e+03
1406 1.22670e+03 1.86501e+03
1407 1.23853e+03 1.86501e+03
1408 1.25035e+03 1.86501e+03
1409 1.26218e+03 1.86501e+03
1410 1.27400e+03 1.86501e+03
1411 1.28582e+03 1.86501e+03
1412 1.29765e+03 1.86501e+03
1413 1.30947e+03 1.86501e+03
1414 1.66418e+03 1.74691e+03
1415 6.70992e+02 1.74691e+03
1416 6.76904e+02 1.74100e+03
1417 6.88728e+02 1.74100e+03
1418 7.00551e+02 1.74100e+03
1419 7.12375e+02 1.74100e+03
1420 7.24199e+02 1.74100e+03
1421 7.36022e+02 1.74100e+03
1422 1.67009e+03 1.74100e+03
1423 1.68192e+03 1.74100e+03
1424 1.69374e+03 1.74100e+03
1425 1.70556e+03 1.74100e+03
1426 1.71739e+03 1.74100e+03
1427 1.72921e+03 1.74100e+03
1428 1.86518e+03 1.72329e+03
1429 1.85336e+03 1.72329e+03
1430 8.71994e+02 1.72329e+03
1431 8.60171e+02 1.72329e+03
1432 7.77405e+02 1.52252e+03
1433 7.89229e+02 1.52252e+03
1434 8.01053e+02 1.52252e+03
1435 8.12876e+02 1.52252e+03
1436 8.24700e+02 1.52252e+03
1437 1.77059e+03 1.52252e+03
1438 1.78242e+03 1.52252e+03
1439 1.79424e+03 1.52252e+03
1440 1.80606e+03 1.52252e+03
1441 1.81789e+03 1.52252e+03
1442 1.24444e+03 1.51661e+03
1443 1.23262e+03 1.51661e+03
1444 1.22079e+03 1.51661e+03
1445 1.20897e+03 1.51661e+03
1446 1.19715e+03 1.51661e+03
1447 1.18532e+03 1.51661e+03
1448 1.17350e+03 1.51661e+03
1449 1.16167e+03 1.51661e+03
1450 1.14985e+03 1.51661e+03
1451 1.13803e+03 1.51661e+03
1452 1.12620e+03 1.51661e+03
1453 1.11438e+03 1.51661e+03
1454 1.10256e+03 1.51661e+03
1455 1.09073e+03 1.51661e+03
1456 1.07891e+03 1.51661e+03
1457 1.06708e+03 1.51661e+03
1458 1.05526e+03 1.51661e+03
1459 1.04344e+03 1.51661e+03
1460 1.03161e+03 1.51661e+03
1461 1.01979e+03 1.51661e+03
1462 1.00797e+03 1.51661e+03
1463 9.96143e+02 1.51661e+03
1464 9.84319e+02 1.51661e+03
1465 9.72496e+02 1.51661e+03
1466 9.60672e+02 1.51661e+03
1467 9.48848e+02 1.51661e+03
1468 9.37025e+02 1.51661e+03
1469 9.25201e+02 1.51661e+03
1470 9.13377e+02 1.51661e+03
1471 9.01554e+02 1.51661e+03
1472 8.89730e+02 1.51661e+03
1473 8.77906e+02 1.51661e+03
1474 8.66083e+02 1.51661e+03
1475 8.54259e+02 1.51661e+03
1476 8.42435e+02 1.51661e+03
1477 8.30612e+02 1.51661e+03
1478 8.18788e+02 1.51661e+03
1479 8.06964e+02 1.51661e+03
1480 7.95141e+02 1.51661e+03
1481 7.83317e+02 1.51661e+03
1482 7.71494e+02 1.51661e+03
1483 7.59670e+02 1.51661e+03
1484 7.47846e+02 1.51661e+03
1485 7.36022e+02 1.51661e+03
1486 7.24199e+02 1.51661e+03
1487 7.12375e+02 1.51661e+03
1488 7.00551e+02 1.51661e+03
1489 6.88728e+02 1.51661e+03
1490 6.76904e+02 1.51661e+03
1491 6.65081e+02 1.51661e+03
1492 6.53257e+02 1.51661e+03
1493 6.41433e+02 1.51661e+03
1494 6.29609e+02 1.51661e+03
1495 6.17786e+02 1.51661e+03
1496 6.05962e+02 1.51661e+03
1497 5.94138e+02 1.51661e+03
1498 5.82315e+02 1.51661e+03
1499 5.70491e+02 1.51661e+03
1500 5.58668e+02 1.51661e+03
1501 5.46844e+02 1.51661e+03
1502 5.35020e+02 1.51661e+03
1503 5.23196e+02 1.51661e+03
1504 5.11373e+02 1.51661e+03
1505 4.99549e+02 1.51661e+03
1506 4.87725e+02 1.51661e+03
1507 4.75902e+02 1.51661e+03
1508 4.64078e+02 1.51661e+03
1509 4.52255e+02 1.51661e+03
1510 4.40431e+02 1.51661e+03
1511 4.28607e+02 1.51661e+03
1512 4.16784e+02 1.51661e+03
1513 4.04960e+02 1.51661e+03
1514 3.93136e+02 1.51661e+03
1515 3.81313e+02 1.51661e+03
1516 3.69489e+02 1.51661e+03
1517 3.57665e+02 1.51661e+03
1518 3.45842e+02 1.51661e+03
1519 3.75401e+02 1.48708e+03
1520 3.87224e+02 1.48708e+03
1521 3.99048e+02 1.48708e+03
1522 4.10872e+02 1.48708e+03
1523 4.22696e+02 1.48708e+03
1524 4.34519e+02 1.48708e+03
1525 4.46343e+02 1.48708e+03
1526 4.58166e+02 1.48708e+03
1527 4.69990e+02 1.48708e+03
1528 4.81814e+02 1.48708e+03
1529 4.93637e+02 1.48708e+03
1530 5.05461e+02 1.48708e+03
1531 5.17285e+02 1.48708e+03
1532 5.29108e+02 1.48708e+03
1533 5.40932e+02 1.48708e+03
1534 5.52756e+02 1.48708e+03
1535 5.64579e+02 1.48708e+03
1536 5.76403e+02 1.48708e+03
1537 5.88227e+02 1.48708e+03
1538 6.00050e+02 1.48708e+03
1539 6.11874e+02 1.48708e+03
1540 6.23698e+02 1.48708e+03
1541 6.35521e+02 1.48708e+03
1542 6.47345e+02 1.48708e+03
1543 6.59169e+02 1.48708e+03
1544 6.70992e+02 1.48708e+03
1545 6.82816e+02 1.48708e+03
1546 6.94640e+02 1.48708e+03
1547 7.06463e+02 1.48708e+03
1548 7.18287e+02 1.48708e+03
1549 7.30111e+02 1.48708e+03
1550 7.41934e+02 1.48708e+03
1551 7.53758e+02 1.48708e+03
1552 7.65581e+02 1.48708e+03
1553 7.77405e+02 1.48708e+03
1554 7.89229e+02 1.48708e+03
1555 8.01053e+02 1.48708e+03
1556 8.12876e+02 1.48708e+03
1557 8.24700e+02 1.48708e+03
1558 8.36524e+02 1.48708e+03
1559 8.48347e+02 1.48708e+03
1560 8.60171e+02 1.48708e+03
1561 8.71994e+02 1.48708e+03
1562 8.83818e+02 1.48708e+03
1563 8.95642e+02 1.48708e+03
1564 9.07466e+02 1.48708e+03
1565 9.19289e+02 1.48708e+03
1566 9.31113e+02 1.48708e+03
1567 9.42937e+02 1.48708e+03
1568 9.54760e+02 1.48708e+03
1569 9.66584e+02 1.48708e+03
1570 9.78407e+02 1.48708e+03
1571 9.90231e+02 1.48708e+03
1572 1.00205e+03 1.48708e+03
1573 1.01388e+03 1.48708e+03
1574 1.02570e+03 1.48708e+03
1575 1.03753e+03 1.48708e+03
1576 1.04935e+03 1.48708e+03
1577 1.06117e+03 1.48708e+03
1578 1.07300e+03 1.48708e+03
1579 1.08482e+03 1.48708e+03
1580 1.09664e+03 1.48708e+03
1581 1.10847e+03 1.48708e+03
1582 1.12029e+03 1.48708e+03
1583 1.13211e+03 1.48708e+03
1584 1.14394e+03 1.48708e+03
1585 1.15576e+03 1.48708e+03
1586 1.16759e+03 1.48708e+03
1587 1.17941e+03 1.48708e+03
1588 1.19123e+03 1.48708e+03
1589 1.20306e+03 1.48708e+03
1590 1.21488e+03 1.48708e+03
1591 2.06618e+03 1.47528e+03
1592 2.05436e+03 1.47528e+03
1593 2.04254e+03 1.47528e+03
1594 2.03071e+03 1.47528e+03
1595 2.01889e+03 1.47528e+03
1596 2.00707e+03 1.47528e+03
1597 1.99524e+03 1.47528e+03
1598 1.98342e+03 1.47528e+03
1599 1.97159e+03 1.47528e+03
1600 1.95977e+03 1.47528e+03
1601 1.94795e+03 1.47528e+03
1602 1.93612e+03 1.47528e+03
1603 1.92430e+03 1.47528e+03
1604 1.91248e+03 1.47528e+03
1605 1.90065e+03 1.47528e+03
1606 1.88883e+03 1.47528e+03
1607 1.87701e+03 1.47528e+03
1608 1.86518e+03 1.47528e+03
1609 1.85336e+03 1.47528e+03
1610 1.84154e+03 1.47528e+03
1611 1.82971e+03 1.47528e+03
1612 1.81789e+03 1.47528e+03
1613 1.80606e+03 1.47528e+03
1614 1.79424e+03 1.47528e+03
1615 1.78242e+03 1.47528e+03
1616 1.77059e+03 1.47528e+03
1617 1.75877e+03 1.47528e+03
1618 1.74695e+03 1.47528e+03
1619 1.73512e+03 1.47528e+03
1620 1.72330e+03 1.47528e+03
1621 1.71147e+03 1.47528e+03
1622 1.69965e+03 1.47528e+03
1623 1.68783e+03 1.47528e+03
1624 1.67600e+03 1.47528e+03
1625 1.66418e+03 1.47528e+03
1626 1.65236e+03 1.47528e+03
1627 1.64053e+03 1.47528e+03
1628 1.62871e+03 1.47528e+03
1629 1.61689e+03 1.47528e+03
1630 1.60506e+03 1.47528e+03
1631 1.59324e+03 1.47528e+03
1632 1.58141e+03 1.47528e+03
1633 1.56959e+03 1.47528e+03
1634 1.55777e+03 1.47528e+03
1635 1.54594e+03 1.47528e+03
1636 1.53412e+03 1.47528e+03
1637 1.52230e+03 1.47528e+03
1638 1.51047e+03 1.47528e+03
1639 1.49865e+03 1.47528e+03
1640 1.48682e+03 1.47528e+03
1641 1.47500e+03 1.47528e+03
1642 1.46318e+03 1.47528e+03
1643 1.45135e+03 1.47528e+03
1644 1.43953e+03 1.47528e+03
1645 1.42771e+03 1.47528e+03
1646 1.41588e+03 1.47528e+03
1647 1.40406e+03 1.47528e+03
1648 1.39224e+03 1.47528e+03
1649 1.38041e+03 1.47528e+03
1650 1.36859e+03 1.47528e+03
1651 1.35677e+03 1.47528e+03
1652 1.34494e+03 1.47528e+03
1653 1.33312e+03 1.47528e+03
1654 1.32129e+03 1.47528e+03
1655 1.30947e+03 1.47528e+03
1656 1.29765e+03 1.47528e+03
1657 1.28582e+03 1.47528e+03
1658 1.27400e+03 1.47528e+03
1659 1.26218e+03 1.47528e+03
1660 1.25035e+03 1.47528e+03
1661 1.23853e+03 1.47528e+03
1662 1.22670e+03 1.47528e+03
1663 1.21488e+03 1.47528e+03
1664 1.25626e+03 1.44575e+03
1665 1.26809e+03 1.44575e+03
1666 1.27991e+03 1.44575e+03
1667 1.29173e+03 1.44575e+03
1668 1.30356e+03 1.44575e+03
1669 1.31538e+03 1.44575e+03
1670 1.32720e+03 1.44575e+03
1671 1.33903e+03 1.44575e+03
1672 1.35085e+03 1.44575e+03
1673 1.36268e+03 1.44575e+03
1674 1.37450e+03 1.44575e+03
1675 1.38632e+03 1.44575e+03
1676 1.39815e+03 1.44575e+03
1677 1.40997e+03 1.44575e+03
1678 1.42180e+03 1.44575e+03
1679 1.43362e+03 1.44575e+03
1680 1.44544e+03 1.44575e+03
1681 1.45727e+03 1.44575e+03
1682 1.46909e+03 1.44575e+03
1683 1.48091e+03 1.44575e+03
1684 1.49274e+03 1.44575e+03
1685 1.50456e+03 1.44575e+03
1686 1.51638e+03 1.44575e+03
1687 1.52821e+03 1.44575e+03
1688 1.54003e+03 1.44575e+03
1689 1.55185e+03 1.44575e+03
1690 1.56368e+03 1.44575e+03
1691 1.57550e+03 1.44575e+03
1692 1.58733e+03 1.44575e+03
1693 1.59915e+03 1.44575e+03
1694 1.61097e+03 1.44575e+03
1695 1.62280e+03 1.44575e+03
1696 1.63462e+03 1.44575e+03
1697 1.64644e+03 1.44575e+03
1698 1.65827e+03 1.44575e+03
1699 1.67009e+03 1.44575e+03
1700 1.68192e+03 1.44575e+03
1701 1.69374e+03 1.44575e+03
1702 1.70556e+03 1.44575e+03
1703 1.71739e+03 1.44575e+03
1704 1.72921e+03 1.44575e+03
1705 1.74103e+03 1.44575e+03
1706 1.75286e+03 1.44575e+03
1707 1.76468e+03 1.44575e+03
1708 1.77651e+03 1.44575e+03
1709 1.78242e+03 1.41622e+03
1710 1.77059e+03 1.41622e+03
1711 1.75877e+03 1.41622e+03
1712 1.74695e+03 1.41622e+03
1713 1.73512e+03 1.41622e+03
1714 1.72330e+03 1.41622e+03
1715 1.71147e+03 1.41622e+03
1716 1.69965e+03 1.41622e+03
1717 1.68783e+03 1.41622e+03
1718 1.67600e+03 1.41622e+03
1719 1.66418e+03 1.41622e+03
1720 1.65236e+03 1.41622e+03
1721 1.36859e+03 1.41622e+03
1722 1.35677e+03 1.41622e+03
1723 1.34494e+03 1.41622e+03
1724 1.33312e+03 1.41622e+03
1725 1.32129e+03 1.41622e+03
1726 1.30947e+03 1.41622e+03
1727 1.29765e+03 1.41622e+03
1728 1.37450e+03 1.41032e+03
1729 1.38632e+03 1.41032e+03
1730 1.39815e+03 1.41032e+03
1731 1.40997e+03 1.41032e+03
1732 1.42180e+03 1.41032e+03
1733 1.43362e+03 1.41032e+03
1734 1.44544e+03 1.41032e+03
1735 1.45727e+03 1.41032e+03
1736 1.46909e+03 1.41032e+03
1737 1.48091e+03 1.41032e+03
1738 1.49274e+03 1.41032e+03
1739 1.50456e+03 1.41032e+03
1740 1.51638e+03 1.41032e+03
1741 1.52821e+03 1.41032e+03
1742 1.54003e+03 1.41032e+03
1743 1.55185e+03 1.41032e+03
1744 1.56368e+03 1.41032e+03
1745 1.57550e+03 1.41032e+03
1746 1.58733e+03 1.41032e+03
1747 1.59915e+03 1.41032e+03
1748 1.61097e+03 1.41032e+03
1749 1.62280e+03 1.41032e+03
1750 1.63462e+03 1.41032e+03
1751 1.64644e+03 1.41032e+03
1752 1.65827e+03 1.41032e+03
1753 1.67009e+03 1.41032e+03
1754 1.68192e+03 1.41032e+03
1755 1.69374e+03 1.41032e+03
1756 1.70556e+03 1.41032e+03
1757 1.71739e+03 1.41032e+03
1758 1.72921e+03 1.41032e+03
EOF
